189
243
95
285
111
207
56
78
132
249
73
158
194
266
150
42
103
290
67
120
98
260
146
173
215
34
88
238
176
202
125
54
223
107
149
192
18
205
72
261
83
198
157
250
65
219
99
231
141
269
250
0
57
119
47
212
93
87
235
280
223
140
109
173
163
204
250
2
260
158
162
162
42
145
238
74
177
36
160
13
148
124
267
238
289
168
163
290
143
233
30
109
252
126
246
3
15
175
217
88
176
287
2
147
105
141
17
110
147
210
2
256
264
234
91
218
127
86
113
203
71
249
163
22
183
124
279
88
57
222
176
241
59
101
288
149
72
138
5
197
90
243
167
268
81
53
220
132
295
44
22
145
171
265
180
28
180
21
281
30
82
166
176
109
8
247
76
99
194
46
175
31
275
140
134
64